Nombre = 6.
(  4, 13)
(  5, 12)
(  7, 14)
( 12,  5)
( 13,  4)
( 14,  7)
Nombre = 6.
(  0,  2)
(  2,  0)
(  5,  7)
(  7,  5)
( 12, 14)
( 14, 12)
    0  1  2  3  4  5  6  7  8  9 10 11 12 13 14 15 
 0 16  0  0  0  0  0  0  0  0  0  0  0  0  0  0  0 
 1  0  0  2  0  4  0  2  0  0  0  0  2  4  0  0  2 
 2  0  2  0  0  0  0  0  2  0  0  2  0  0  2  2  6 
 3  0  2  0  4  0  2  0  0  0  2  0  4  0  2  0  0 
 4  0  4  2  2  0  2  0  2  2  0  0  2  0  0  0  0 
 5  0  0  0  4  0  0  0  4  0  0  0  0  2  2  2  2 
 6  0  0  0  0  2  0  2  0  2  0  2  0  2  2  2  2 
 7  0  0  4  2  2  0  0  0  4  2  0  0  0  0  2  0 
 8  0  2  0  0  2  4  2  2  0  2  0  0  0  2  0  0 
 9  0  6  0  0  0  0  2  0  0  0  2  4  0  2  0  0 
10  0  0  2  0  0  0  0  2  4  0  4  2  0  0  2  0 
11  0  0  0  0  2  2  2  2  0  0  0  0  4  0  4  0 
12  0  0  2  0  0  2  4  0  2  0  0  0  2  2  2  0 
13  0  0  2  2  2  0  2  0  0  2  6  0  0  0  0  0 
14  0  0  2  2  0  0  0  0  2  6  0  0  0  0  0  4 
15  0  0  0  0  2  4  0  2  0  2  0  2  2  2  0  0 
Nombre = 4, Max = 6
(  2, 15)
(  9,  1)
( 13, 10)
( 14,  9)
